ForceID	KungFuID	PointID	Type	CostTrain	PointRequireLevel	SkillID1	SkillLevel1	RequireLevel1	RequireQuestID1	SkillColor1	SkillID2	SkillLevel2	RequireLevel2	RequireQuestID2	SkillColor2	SkillID3	SkillLevel3	RequireLevel3	RequireQuestID3	SkillColor3	SkillID4	SkillLevel4	RequireLevel4	RequireQuestID4	SkillColor4	SkillID5	SkillLevel5	RequireLevel5	RequireQuestID5	SkillColor5	SkillID6	SkillLevel6	RequireLevel6	RequireQuestID6	SkillColor6	SkillID7	SkillLevel7	RequireLevel7	RequireQuestID7	SkillColor7	SkillID8	SkillLevel8	RequireLevel8	RequireQuestID8	SkillColor8	SkillID9	SkillLevel9	RequireLevel9	RequireQuestID9	SkillColor9	SkillID10	SkillLevel10	RequireLevel10	RequireQuestID10	SkillColor10	SkillID11	SkillLevel11	RequireLevel11	RequireQuestID11	SkillColor11	SkillID12	SkillLevel12	RequireLevel12	RequireQuestID12	SkillColor12
3	6	1	1	300	108	6517	1	108	0	0	30654	1	108	0	1	15158	1	108	0	0	38671	1	108	0	0			108		0																																			
3	6	2	2	300	109	6524	1	109	0	0	6514	1	109	0	0	28442	1	109	0	0	2628	1	109	0	0			109		0																																			
3	6	3	2	300	110	18226	1	110	0	0	5673	1	110	0	0	24896	1	110	0	0	37338	1	110	0	0			110		0																																			
3	6	4	2	300	111	23997	1	111	0	0	6530	1	111	0	0	42310	1	111	0	0	6511	1	111	0	0			111		0																																			
3	6	5	2	300	112	32911	1	112	0	0	5659	1	112	0	0	42673	1	112	0	0	18602	1	112	0	0			112		0																																			
3	6	6	2	300	113	5669	1	113	0	0	24841	1	113	0	0	14824	1	113	0	0	30653	1	113	0	0			113		0																																			
3	6	7	2	300	114	6806	1	114	0	0	5678	1	114	0	0	42672	1	114	0	0	24899	1	114	0	0			114		0																																			
3	6	8	3	300	115	18557	1	115	0	0	42670	1	115	0	1	6781	1	115	0	0	42671	1	115	0	0	15001	1	115	0	0	14821	1	115	0	0	28564	1	115	0	0	42273	1	115	0	0	18487	1	115	0	0	5666	1	115	0	0	18233	1	115	0	0	2611	1	115	0	0
3	6	9	3	300	115	18557	1	115	0	0	42670	1	115	0	1	6781	1	115	0	0	42671	1	115	0	0	15001	1	115	0	0	14821	1	115	0	0	28564	1	115	0	0	42273	1	115	0	0	18487	1	115	0	0	5666	1	115	0	0	18233	1	115	0	0	2611	1	115	0	0
3	6	10	3	300	115	18557	1	115	0	0	42670	1	115	0	1	6781	1	115	0	0	42671	1	115	0	0	15001	1	115	0	0	14821	1	115	0	0	28564	1	115	0	0	42273	1	115	0	0	18487	1	115	0	0	5666	1	115	0	0	18233	1	115	0	0	2611	1	115	0	0
3	8	13	1	300	108	14804	1	108	0	0	14826	1	108	0	0	15115	1	108	0	1	14805	1	108	0	0			108		0																																			
3	8	14	2	300	109	14822	1	109	0	0	14802	1	109	0	0	24902	1	109	0	0	6781	1	109	0	0			109		0																																			
3	8	15	2	300	110	14799	1	110	0	0	14800	1	110	0	0	18239	1	110	0	0	5694	1	110	0	0			110		0																																			
3	8	16	2	300	111	42574	1	111	0	1	6514	1	111	0	0	25354	1	111	0	0	2628	1	111	0	0			111		0																																			
3	8	17	2	300	112	14827	1	112	0	0	18487	1	112	0	0	5700	1	112	0	0	24895	1	112	0	0			112		0																																			
3	8	18	2	300	113	5696	1	113	0	0	5701	1	113	0	0	5697	1	113	0	0	18238	1	113	0	0			113		0																																			
3	8	19	2	300	114	5669	1	114	0	0	18872	1	114	0	0	5681	1	114	0	0	18233	1	114	0	0			114		0																																			
3	8	20	3	300	115	18602	1	115	0	0	5658	1	115	0	0	5659	1	115	0	0	402	1	115	0	0	18226	1	115	0	0	5682	1	115	0	0	5695	1	115	0	0	482	1	115	0	0	5686	1	115	0	0	5702	1	115	0	0	40300	1	115	0	0	6518	1	115	0	0
3	8	21	3	300	115	18602	1	115	0	0	5658	1	115	0	0	5659	1	115	0	0	402	1	115	0	0	18226	1	115	0	0	5682	1	115	0	0	5695	1	115	0	0	482	1	115	0	0	5686	1	115	0	0	5702	1	115	0	0	40300	1	115	0	0	6518	1	115	0	0
3	8	22	3	300	115	18602	1	115	0	0	5658	1	115	0	0	5659	1	115	0	0	402	1	115	0	0	18226	1	115	0	0	5682	1	115	0	0	5695	1	115	0	0	482	1	115	0	0	5686	1	115	0	0	5702	1	115	0	0	40300	1	115	0	0	6518	1	115	0	0
4	4	25	1	300	108	38539	1	108	0	1	38540	1	108	0	2	14833	1	108	0	3	21725	1	108	0	4			108		0																																			
4	4	26	2	300	109	32400	1	109	0	0	6744	1	109	0	0	20782	1	109	0	0	18799	1	109	0	0			113		0																																			
4	4	27	2	300	110	17731	1	110	0	0	6757	1	110	0	0	14832	1	110	0	0	14835	1	110	0	0			114		0																																			
4	4	28	2	300	111	5821	1	111	0	0	5802	1	111	0	0	30831	1	111	0	0	41904	1	111	0	0			111		0																																			
4	4	29	2	300	112	14829	1	112	0	0	24962	1	112	0	0	14598	1	112	0	0	32403	1	112	0	0			112		0																																			
4	4	30	2	300	113	310	1	113	0	0	5818	1	113	0	0	40064	1	113	0	0	34656	1	113	0	0			110		0																																			
4	4	31	2	300	114	24972	1	114	0	0	32447	1	114	0	0	17742	1	114	0	3	15187	1	114	0	0			109		0																																			
4	4	32	3	300	115	5811	1	115	0	0	24958	1	115	0	0	17743	1	115	0	0	14986	1	115	0	0	24961	1	115	0	0	36106	1	115	0	0	17747	1	115	0	0	40375	1	115	0	0	6758	1	115	0	0	32407	1	115	0	0	24969	1	115	0	0	6481	1	115	0	0
4	4	33	3	300	115	5811	1	115	0	0	24958	1	115	0	0	17743	1	115	0	0	14986	1	115	0	0	24961	1	115	0	0	36106	1	115	0	0	17747	1	115	0	0	40375	1	115	0	0	6758	1	115	0	0	32407	1	115	0	0	24969	1	115	0	0	6481	1	115	0	0
4	4	34	3	300	115	5811	1	115	0	0	24958	1	115	0	0	17743	1	115	0	0	14986	1	115	0	0	24961	1	115	0	0	36106	1	115	0	0	17747	1	115	0	0	40375	1	115	0	0	6758	1	115	0	0	32407	1	115	0	0	24969	1	115	0	0	6481	1	115	0	0
4	3	37	1	300	108	18679	1	108	0	1	24953	1	108	0	2	26684	1	108	0	3	18694	1	108	0	4			108		0																																			
4	3	38	2	300	109	30821	1	109	0	0	370	1	109	0	0	23969	1	109	0	0	14837	1	109	0	0			109		0																																			
4	3	39	2	300	110	5819	1	110	0	0	38516	1	110	0	4	34631	1	110	0	0	6904	1	110	0	0			110		0																																			
4	3	40	2	300	111	5813	1	113	0	0	5802	1	111	0	0	21707	1	111	0	0	18695	1	111	0	0			113		0																																			
4	3	41	2	300	112	6798	1	112	0	0	14836	1	112	0	0	23614	1	112	0	0	5844	1	112	0	0			112		0																																			
4	3	42	2	300	113	42934	1	114	0	0	34580	1	113	0	0	40824	1	113	0	4	5823	1	113	0	0			114		0																																			
4	3	43	2	300	114	42301	1	114	0	4	14613	1	114	0	0	36099	1	114	0	0	24955	1	114	0	0			111		0																																			
4	3	44	3	300	115	22703	1	115	0	0	5830	1	115	0	0	21712	1	115	0	0	26683	1	115	0	0	6796	1	115	0	4	5828	1	115	0	0	24945	1	115	0	0	5829	1	115	0	0	17747	1	115	0	0	33098	1	115	0	0	32411	1	115	0	0	14834	1	115	0	0
4	3	45	3	300	115	22703	1	115	0	0	5830	1	115	0	0	21712	1	115	0	0	26683	1	115	0	0	6796	1	115	0	4	5828	1	115	0	0	24945	1	115	0	0	5829	1	115	0	0	17747	1	115	0	0	33098	1	115	0	0	32411	1	115	0	0	14834	1	115	0	0
4	3	46	3	300	115	22703	1	115	0	0	5830	1	115	0	0	21712	1	115	0	0	26683	1	115	0	0	6796	1	115	0	4	5828	1	115	0	0	24945	1	115	0	0	5829	1	115	0	0	17747	1	115	0	0	33098	1	115	0	0	32411	1	115	0	0	14834	1	115	0	0
2	7	49	1	300	108	36095	1	108	0	0	42300	1	108	0	0	38609	1	108	0	0	5779	1	108	0	0			108		0																																			
2	7	50	2	300	109	5781	1	109	0	0	30647	1	109	0	0	38956	1	109	0	0	5784	1	109	0	0			109		0																																			
2	7	51	2	300	110	21265	1	110	0	0	40249	1	110	0	0	20790	1	110	0	0	34331	1	110	0	0			110		0																																			
2	7	52	2	300	111	14641	1	111	0	0	5791	1	111	0	0	37439	1	111	0	0	29735	1	111	0	0			111		0																																			
2	7	53	2	300	112	28506	1	112	0	0	16853	1	112	0	0	23944	1	112	0	0	32378	1	112	0	0			112		0																																			
2	7	54	2	300	113	31208	1	113	0	0	5782	1	113	0	0	133	1	113	0	0	34329	1	113	0	0			113		0																																			
2	7	55	2	300	114	32381	1	114	0	0	14963	1	114	0	0	24911	1	114	0	0	28465	1	114	0	0			114		0																																			
2	7	56	3	300	115	14662	1	115	0	0	38601	1	115	0	0	5797	1	115	0	0	5783	1	115	0	0	40284	1	115	0	0	9145	1	115	0	0	17565	1	115	0	0	37236	1	115	0	0	34102	1	115	0	0	42571	1	115	0	0	183	1	115	0	0	19262	1	115	0	0
2	7	57	3	300	115	14662	1	115	0	0	38601	1	115	0	0	5797	1	115	0	0	5783	1	115	0	0	40284	1	115	0	0	9145	1	115	0	0	17565	1	115	0	0	37236	1	115	0	0	34102	1	115	0	0	42571	1	115	0	0	183	1	115	0	0	19262	1	115	0	0
2	7	58	3	300	115	14662	1	115	0	0	38601	1	115	0	0	5797	1	115	0	0	5783	1	115	0	0	40284	1	115	0	0	9145	1	115	0	0	17565	1	115	0	0	37236	1	115	0	0	34102	1	115	0	0	42571	1	115	0	0	183	1	115	0	0	19262	1	115	0	0
2	5	61	1	300	108	14635	1	108	0	1	30596	1	108	0	2	24912	1	108	0	3	42155	1	108	0	4			108		0																																			
2	5	62	2	300	109	42168	1	109	0	0	21744	1	109	0	0	40077	1	109	0	0	18271	1	109	0	0			109		0																																			
2	5	63	2	300	110	26669	1	110	0	0	32484	1	110	0	0	32477	1	110	0	0	5774	1	110	0	0			110		0																																			
2	5	64	2	300	111	36017	1	111	0	0	32638	1	111	0	0	5762	1	111	0	0	23945	1	111	0	0			111		0																																			
2	5	65	2	300	112	28464	1	112	0	0	6682	1	112	0	0	40075	1	112	0	0	6686	1	112	0	0			112		0																																			
2	5	66	2	300	113	5759	1	113	0	0	38850	1	113	0	0	18259	1	113	0	0	42164	1	113	0	0			113		0																																			
2	5	67	2	300	114	26692	1	114	0	0	28465	1	114	0	0	24919	1	114	0	0	14965	1	114	0	0			114		0																																			
2	5	68	3	300	115	133	1	115	0	0	183	1	115	0	0	34573	1	115	0	0	37267	1	115	0	0	24914	1	116	0	0	38595	1	115	0	0	5751	1	115	0	0	18268	1	115	0	0	37065	1	117	0	0	17565	1	115	0	0	42167	1	115	0	0	40800	1	115	0	0
2	5	69	3	300	115	133	1	115	0	0	183	1	115	0	0	34573	1	115	0	0	37267	1	115	0	0	24914	1	116	0	0	38595	1	115	0	0	5751	1	115	0	0	18268	1	115	0	0	37065	1	117	0	0	17565	1	115	0	0	42167	1	115	0	0	40800	1	115	0	0
2	5	70	3	300	115	133	1	115	0	0	183	1	115	0	0	34573	1	115	0	0	37267	1	115	0	0	24914	1	116	0	0	38595	1	115	0	0	5751	1	115	0	0	18268	1	115	0	0	37065	1	117	0	0	17565	1	115	0	0	42167	1	115	0	0	40800	1	115	0	0
1	2	73	1	300	108	32651	1	108	0	1	32649	1	108	0	2	24819	1	108	0	3	42405	1	108	0	4			108		0																																			
1	2	74	2	300	109	6589	1	109	0	0	6595	1	109	0	0	37369	1	109	0	0	240	1	109	0	0			109		0																																			
1	2	75	2	300	110	6586	1	110	0	0	42406	1	110	0	0	14758	1	110	0	0	5912	1	110	0	0			110		0																																			
1	2	76	2	300	111	17730	1	111	0	0	14750	1	111	0	0	38621	1	111	0	0	18623	1	111	0	0			111		0																																			
1	2	77	2	300	112	6596	1	112	0	0	37371	1	112	0	0	5909	1	112	0	0	5934	1	112	0	0			112		0																																			
1	2	78	2	300	113	6590	1	113	0	0	259	1	113	0	0	32647	1	113	0	0	38623	1	113	0	0			113		0																																			
1	2	79	2	300	114	32648	1	114	0	0	21703	1	114	0	0	21697	1	114	0	0	14752	1	114	0	0			114		0																																			
1	2	80	3	300	115	5910	1	115	0	0	14793	1	115	0	0	14795	1	115	0	0	6580	1	115	0	0	5915	1	115	0	0	16886	1	115	0	0	5913	1	115	0	0	24884	1	115	0	0	37455	1	115	0	0	6587	1	115	0	0	37370	1	115	0	0	42920	1	115	0	0
1	2	81	3	300	115	5910	1	115	0	0	14793	1	115	0	0	14795	1	115	0	0	6580	1	115	0	0	5915	1	115	0	0	16886	1	115	0	0	5913	1	115	0	0	24884	1	115	0	0	37455	1	115	0	0	6587	1	115	0	0	37370	1	115	0	0	42920	1	115	0	0
1	2	82	3	300	115	5910	1	115	0	0	14793	1	115	0	0	14795	1	115	0	0	6580	1	115	0	0	5915	1	115	0	0	16886	1	115	0	0	5913	1	115	0	0	24884	1	115	0	0	37455	1	115	0	0	6587	1	115	0	0	37370	1	115	0	0	42920	1	115	0	0
1	1	85	1	300	108	24819	1	108	0	1	15195	1	108	0	2	14757	1	108	0	3	14761	1	108	0	4			108		0																																			
1	1	86	2	300	109	23972	1	109	0	0	14794	1	109	0	0	14795	1	109	0	0	14793	1	109	0	0			109		0																																			
1	1	87	2	300	110	24891	1	110	0	0	259	1	110	0	0	5940	1	110	0	0	5901	1	110	0	0			110		0																																			
1	1	88	2	300	111	14750	1	111	0	0	16899	1	111	0	0	5925	1	111	0	0	6789	1	111	0	0			111		0																																			
1	1	89	2	300	112	6589	1	112	0	0	5936	1	112	0	0	16894	1	112	0	0	5930	1	112	0	0			112		0																																			
1	1	90	2	300	113	5933	1	113	0	0	17745	1	113	0	0	18623	1	113	0	0	17750	1	113	0	0			113		0																																			
1	1	91	2	300	114	246	1	114	0	0	5927	1	114	0	0	5923	1	114	0	0	5938	1	114	0	0			114		0																																			
1	1	92	3	300	115	5939	1	115	0	0	5926	1	115	0	0	2589	1	115	0	0	31905	1	115	0	0	25353	1	115	0	0	5932	1	115	0	0	6790	1	115	0	0	5922	1	115	0	0	5919	1	115	0	0	5910	1	115	0	0	5929	1	115	0	0	240	1	115	0	0
1	1	93	3	300	115	5939	1	115	0	0	5926	1	115	0	0	2589	1	115	0	0	31905	1	115	0	0	25353	1	115	0	0	5932	1	115	0	0	6790	1	115	0	0	5922	1	115	0	0	5919	1	115	0	0	5910	1	115	0	0	5929	1	115	0	0	240	1	115	0	0
1	1	94	3	300	115	5939	1	115	0	0	5926	1	115	0	0	2589	1	115	0	0	31905	1	115	0	0	25353	1	115	0	0	5932	1	115	0	0	6790	1	115	0	0	5922	1	115	0	0	5919	1	115	0	0	5910	1	115	0	0	5929	1	115	0	0	240	1	115	0	0
8	11	97	1	300	108	30777	1	108	0	0	42179	1	108	0	1	1610	1	108	0	0	40178	1	108	0	0			108		0																																			
8	11	98	2	300	109	21737	1	109	0	0	6544	1	109	0	0	5957	1	109	0	0	42218	1	109	0	0			109		0																																			
8	11	99	2	300	110	6545	1	110	0	0	23922	1	110	0	0	5956	1	110	0	0	18682	1	110	0	0			110		0																																			
8	11	100	2	300	111	29093	1	111	0	0	36274	1	111	0	0	5952	1	111	0	0	1647	1	111	0	0			111		0																																			
8	11	101	2	300	112	18309	1	112	0	0	6549	1	112	0	0	14604	1	112	0	0	18326	1	112	0	0			112		0																																			
8	11	102	2	300	113	5959	1	113	0	0	28578	1	113	0	0	5964	1	113	0	0	6541	1	113	0	0			113		0																																			
8	11	103	2	300	114	6542	1	114	0	0	6534	1	114	0	0	14910	1	114	0	0	32776	1	114	0	1			114		0																																			
8	11	104	3	300	115	29090	1	115	0	0	30772	1	115	0	0	38674	1	115	0	0	30862	1	115	0	0	6548	1	115	0	0	14607	1	115	0	0	1665	1	115	0	0	25017	1	115	0	0	14605	1	115	0	0	5963	1	115	0	0	1655	1	115	0	0	6537	1	115	0	0
8	11	105	3	300	115	29090	1	115	0	0	30772	1	115	0	0	38674	1	115	0	0	30862	1	115	0	0	6548	1	115	0	0	14607	1	115	0	0	1665	1	115	0	0	25017	1	115	0	0	14605	1	115	0	0	5963	1	115	0	0	1655	1	115	0	0	6537	1	115	0	0
8	11	106	3	300	115	29090	1	115	0	0	30772	1	115	0	0	38674	1	115	0	0	30862	1	115	0	0	6548	1	115	0	0	14607	1	115	0	0	1665	1	115	0	0	25017	1	115	0	0	14605	1	115	0	0	5963	1	115	0	0	1655	1	115	0	0	6537	1	115	0	0
10	17	109	1	300	108	28593	1	108	0	1	18626	1	108	0	2	37337	1	108	0	3	41762	1	108	0	4			108		0																																			
10	17	110	2	300	109	5974	1	109	0	0	37274	1	109	0	0	18279	1	109	0	0	3961	1	109	0	0			109		0																																			
10	17	111	2	300	110	22888	1	110	0	0	5968	1	110	0	0	3971	1	110	0	0	6717	1	110	0	0			110		0																																			
10	17	112	2	300	111	25166	1	111	0	0	34372	1	111	0	0	21174	1	111	0	0	6727	1	111	0	0			111		0																																			
10	17	113	2	300	112	5979	1	112	0	0	5989	1	112	0	0	25160	1	112	0	0	41889	1	112	0	0			112		0																																			
10	17	114	2	300	113	32661	1	113	0	0	18634	1	113	0	0	34511	1	113	0	0	38526	1	113	0	0			113		0																																			
10	17	115	2	300	114	41988	1	114	0	0	40190	1	114	0	0	3978	1	114	0	0	38523	1	114	0	0			114		0																																			
10	17	116	3	300	115	41888	1	115	0	0	41887	1	115	0	0	14695	1	115	0	0	17567	1	115	0	0	34395	1	115	0	0	34383	1	115	0	0	6893	1	115	0	0	36093	1	115	0	0	32622	1	115	0	0	5985	1	115	0	0	5967	1	115	0	0	6718	1	115	0	0
10	17	117	3	300	115	41888	1	115	0	0	41887	1	115	0	0	14695	1	115	0	0	17567	1	115	0	0	34395	1	115	0	0	34383	1	115	0	0	6893	1	115	0	0	36093	1	115	0	0	32622	1	115	0	0	5985	1	115	0	0	5967	1	115	0	0	6718	1	115	0	0
10	17	118	3	300	115	41888	1	115	0	0	41887	1	115	0	0	14695	1	115	0	0	17567	1	115	0	0	34395	1	115	0	0	34383	1	115	0	0	6893	1	115	0	0	36093	1	115	0	0	32622	1	115	0	0	5985	1	115	0	0	5967	1	115	0	0	6718	1	115	0	0
10	18	121	1	300	108	14678	1	108	0	1	14679	1	108	0	2	14680	1	108	0	3	14922	1	108	0	4			108		0																																			
10	18	122	2	300	109	5974	1	109	0	0	6743	1	109	0	0	18279	1	109	0	0	3961	1	109	0	0			109		0																																			
10	18	123	2	300	110	14698	1	110	0	0	3984	1	110	0	0	3971	1	110	0	0	3981	1	110	0	0			110		0																																			
10	18	124	2	300	111	25166	1	111	0	0	6896	1	111	0	0	5977	1	111	0	0	18296	1	111	0	0			111		0																																			
10	18	125	2	300	112	6895	1	112	0	0	14677	1	112	0	0	25160	1	112	0	0	18298	1	112	0	0			112		0																																			
10	18	126	2	300	113	6760	1	113	0	0	18634	1	113	0	0	21835	1	113	0	0	6771	1	113	0	0			113		0																																			
10	18	127	2	300	114	25355	1	114	0	0	6898	1	114	0	0	14675	1	114	0	0	14674	1	114	0	0			114		0																																			
10	18	128	3	300	115	6766	1	115	0	0	6897	1	115	0	0	5990	1	115	0	0	26717	1	115	0	0	6763	1	115	0	0	6719	1	115	0	0	6753	1	115	0	0	6000	1	115	0	0	25178	1	115	0	0	5976	1	115	0	0	6748	1	115	0	0	6718	1	115	0	0
10	18	129	3	300	115	6766	1	115	0	0	6897	1	115	0	0	5990	1	115	0	0	26717	1	115	0	0	6763	1	115	0	0	6719	1	115	0	0	6753	1	115	0	0	6000	1	115	0	0	25178	1	115	0	0	5976	1	115	0	0	6748	1	115	0	0	6718	1	115	0	0
10	18	130	3	300	115	6766	1	115	0	0	6897	1	115	0	0	5990	1	115	0	0	26717	1	115	0	0	6763	1	115	0	0	6719	1	115	0	0	6753	1	115	0	0	6000	1	115	0	0	25178	1	115	0	0	5976	1	115	0	0	6748	1	115	0	0	6718	1	115	0	0
6	13	133	1	300	108	32753	1	108	0	1	34654	1	108	0	2	25043	1	108	0	3	42174	1	108	0	4			108		0																																			
6	13	134	2	300	109	38455	1	109	0	0	6877	1	109	0	0	6620	1	109	0	0	42211	1	109	0	4			109		0																																			
6	13	135	2	300	110	6628	1	110	0	0	6629	1	110	0	0	42292	1	110	0	0	30572	1	110	0	0			110		0																																			
6	13	136	2	300	111	37952	1	111	0	0	42902	1	111	0	1	40617	1	111	0	0	42180	1	111	0	0			111		0																																			
6	13	137	2	300	112	30088	1	112	0	0	42183	1	112	0	4	42309	1	112	0	0	2218	1	112	0	0			112		0																																			
6	13	138	2	300	113	32741	1	113	0	0	25018	1	113	0	0	18689	1	113	0	0	25027	1	113	0	0			113		0																																			
6	13	139	2	300	114	21302	1	114	0	0	6652	1	114	0	0	2227	1	114	0	0	30540	1	114	0	0			114		0																																			
6	13	140	3	300	115	6627	1	115	0	0	37356	1	115	0	0	42306	1	115	0	0	37351	1	115	0	0	18330	1	115	0	0	21819	1	115	0	0	18312	1	115	0	0	42293	1	115	0	0	25038	1	115	0	0	6644	1	115	0	0	32788	1	115	0	0	38581	1	115	0	0
6	13	141	3	300	115	6627	1	115	0	0	37356	1	115	0	0	42306	1	115	0	0	37351	1	115	0	0	18330	1	115	0	0	21819	1	115	0	0	18312	1	115	0	0	42293	1	115	0	0	25038	1	115	0	0	6644	1	115	0	0	32788	1	115	0	0	38581	1	115	0	0
6	13	142	3	300	115	6627	1	115	0	0	37356	1	115	0	0	42306	1	115	0	0	37351	1	115	0	0	18330	1	115	0	0	21819	1	115	0	0	18312	1	115	0	0	42293	1	115	0	0	25038	1	115	0	0	6644	1	115	0	0	32788	1	115	0	0	38581	1	115	0	0
6	14	145	1	300	108	32824	1	108	0	1	14869	1	108	0	2	15132	1	108	0	0	25047	1	108	0	0			108		0																																			
6	14	146	2	300	109	6661	1	109	0	0	18800	1	109	0	0	6663	1	109	0	0	32746	1	109	0	0			109		0																																			
6	14	147	2	300	110	24004	1	110	0	0	6666	1	110	0	0	6668	1	110	0	0	33576	1	110	0	0			110		0																																			
6	14	148	2	300	111	28560	1	111	0	0	6884	1	111	0	0	42916	1	111	0	1	21746	1	111	0	0			111		0																																			
6	14	149	2	300	112	14867	1	112	0	2	6670	1	112	0	0	30527	1	112	0	0	6892	1	112	0	0			112		0																																			
6	14	150	2	300	113	6660	1	113	0	0	18691	1	113	0	0	2234	1	113	0	0	41751	1	113	0	0			113		0																																			
6	14	151	2	300	114	42903	1	114	0	0	18883	1	114	0	0	25054	1	114	0	0	36014	1	114	0	0			114		0																																			
6	14	152	3	300	115	6644	1	115	0	0	6652	1	115	0	0	6043	1	115	0	0	25046	1	115	0	0	6886	1	115	0	0	6883	1	115	0	0	36169	1	115	0	0	18312	1	115	0	0	6673	1	115	0	0	40246	1	115	0	0	41811	1	115	0	0	32744	1	115	0	0
6	14	153	3	300	115	6644	1	115	0	0	6652	1	115	0	0	6043	1	115	0	0	25046	1	115	0	0	6886	1	115	0	0	6883	1	115	0	0	36169	1	115	0	0	18312	1	115	0	0	6673	1	115	0	0	40246	1	115	0	0	41811	1	115	0	0	32744	1	115	0	0
6	14	154	3	300	115	6644	1	115	0	0	6652	1	115	0	0	6043	1	115	0	0	25046	1	115	0	0	6886	1	115	0	0	6883	1	115	0	0	36169	1	115	0	0	18312	1	115	0	0	6673	1	115	0	0	40246	1	115	0	0	41811	1	115	0	0	32744	1	115	0	0
5	10	157	1	300	108	37316	1	108	0	0	40177	1	108	0	0	547	1	108	0	0	42516	1	108	0	4			108		0																																			
5	10	158	2	300	109	5864	1	109	0	0	21936	1	109	0	0	6558	1	109	0	0	14727	1	109	0	0			109		0																																			
5	10	159	2	300	110	6556	1	110	0	0	23935	1	110	0	0	18620	1	110	0	0	18202	1	110	0	0			110		0																																			
5	10	160	2	300	111	34604	1	111	0	0	23457	1	111	0	0	18467	1	111	0	0	35980	1	111	0	0			111		0																																			
5	10	161	2	300	112	38617	1	112	0	0	18619	1	112	0	0	6907	1	112	0	0	6572	1	112	0	0			112		0																																			
5	10	162	2	300	113	5852	1	113	0	0	5854	1	113	0	0	5882	1	113	0	0	563	1	113	0	0			113		0																																			
5	10	163	2	300	114	14705	1	114	0	0	14715	1	114	0	0	21166	1	114	0	0	32636	1	114	0	0			114		0																																			
5	10	164	3	300	115	24996	1	115	0	0	24995	1	115	0	0	22732	1	115	0	0	18621	1	115	0	0	6779	1	115	0	0	5866	1	115	0	0	18468	1	115	0	0	42512	1	115	0	0	6567	1	115	0	0	36013	1	115	0	0	25000	1	115	0	0	42549	1	115	0	4
5	10	165	3	300	115	24996	1	115	0	0	24995	1	115	0	0	22732	1	115	0	0	18621	1	115	0	0	6779	1	115	0	0	5866	1	115	0	0	18468	1	115	0	0	42512	1	115	0	0	6567	1	115	0	0	36013	1	115	0	0	25000	1	115	0	0	42549	1	115	0	4
5	10	166	3	300	115	24996	1	115	0	0	24995	1	115	0	0	22732	1	115	0	0	18621	1	115	0	0	6779	1	115	0	0	5866	1	115	0	0	18468	1	115	0	0	42512	1	115	0	0	6567	1	115	0	0	36013	1	115	0	0	25000	1	115	0	0	42549	1	115	0	4
5	9	169	1	300	108	5888	1	108	0	0	18475	1	108	0	0	5891	1	108	0	0	32718	1	108	0	0			108		0																																			
5	9	170	2	300	109	18205	1	109	0	0	14939	1	109	0	0	30558	1	109	0	0	6571	1	109	0	0			109		0																																			
5	9	171	2	300	110	24980	1	110	0	0	41995	1	110	0	0	30316	1	110	0	0	24985	1	110	0	0			110		0																																			
5	9	172	2	300	111	21269	1	111	0	0	18210	1	111	0	0	30559	1	111	0	0	5862	1	111	0	0			111		0																																			
5	9	173	2	300	112	5876	1	112	0	0	28998	1	112	0	0	21722	1	112	0	0	40175	1	112	0	0			112		0																																			
5	9	174	2	300	113	18221	1	113	0	0	24990	1	113	0	0	32781	1	113	0	0	40130	1	113	0	0			113		0																																			
5	9	175	2	300	114	567	1	114	0	0	38577	1	114	0	0	30850	1	114	0	0	41905	1	114	0	0			114		0																																			
5	9	176	3	300	115	5880	1	115	0	0	41884	1	115	0	0	566	1	115	0	0	5889	1	115	0	0	6567	1	115	0	0	23932	1	115	0	0	38576	1	115	0	0	30780	1	115	0	0	18204	1	115	0	0	24988	1	115	0	0	5877	1	115	0	0	41883	1	115	0	0
5	9	177	3	300	115	5880	1	115	0	0	41884	1	115	0	0	566	1	115	0	0	5889	1	115	0	0	6567	1	115	0	0	23932	1	115	0	0	38576	1	115	0	0	30780	1	115	0	0	18204	1	115	0	0	24988	1	115	0	0	5877	1	115	0	0	41883	1	115	0	0
5	9	178	3	300	115	5880	1	115	0	0	41884	1	115	0	0	566	1	115	0	0	5889	1	115	0	0	6567	1	115	0	0	23932	1	115	0	0	38576	1	115	0	0	30780	1	115	0	0	18204	1	115	0	0	24988	1	115	0	0	5877	1	115	0	0	41883	1	115	0	0
7	16	181	1	300	108	42482	1	108	0	1	42481	1	108	0	2	20544	1	108	0	3	34679	1	108	0	4			108		0																																			
7	16	182	2	300	109	5719	1	109	0	0	5715	1	109	0	0	6498	1	109	0	0	6495	1	109	0	0			109		0																																			
7	16	183	2	300	110	42473	1	110	0	0	6506	1	110	0	0	6778	1	110	0	0	3092	1	110	0	0			110		0																																			
7	16	184	2	300	111	24037	1	111	0	0	18249	1	111	0	0	42474	1	111	0	0	38750	1	111	0	0			111		0																																			
7	16	185	2	300	112	42476	1	112	0	0	42475	1	112	0	0	6508	1	112	0	0	14856	1	112	0	0			112		0																																			
7	16	186	2	300	113	42478	1	113	0	0	42477	1	113	0	0	3115	1	113	0	0	30921	1	113	0	0			113		0																																			
7	16	187	2	300	114	25151	1	114	0	0	18675	1	114	0	0	30723	1	114	0	0	42479	1	114	0	0			114		0																																			
7	16	188	3	300	115	6461	1	115	0	0	6464	1	115	0	0	23642	1	115	0	0	18241	1	115	0	0	33577	1	115	0	0	17572	1	115	0	0	33134	1	115	0	0	36279	1	115	0	0	6510	1	115	0	0	27267	1	115	0	0	18237	1	115	0	0	42472	1	115	0	0
7	16	189	3	300	115	6461	1	115	0	0	6464	1	115	0	0	23642	1	115	0	0	18241	1	115	0	0	33577	1	115	0	0	17572	1	115	0	0	33134	1	115	0	0	36279	1	115	0	0	6510	1	115	0	0	27267	1	115	0	0	18237	1	115	0	0	42472	1	115	0	0
7	16	190	3	300	115	6461	1	115	0	0	6464	1	115	0	0	23642	1	115	0	0	18241	1	115	0	0	33577	1	115	0	0	17572	1	115	0	0	33134	1	115	0	0	36279	1	115	0	0	6510	1	115	0	0	27267	1	115	0	0	18237	1	115	0	0	42472	1	115	0	0
7	15	193	1	300	108	34644	1	108	0	1	30588	1	108	0	2	25132	1	108	0	3	18672	1	108	0	4			108		0																																			
7	15	194	2	300	109	5721	1	109	0	0	6438	1	109	0	0	42927	1	109	0	0	3115	1	109	0	0			109		0																																			
7	15	195	2	300	110	21724	1	110	0	0	6775	1	110	0	3	40218	1	110	0	0	3092	1	110	0	0			110		0																																			
7	15	196	2	300	111	42449	1	111	0	0	37324	1	111	0	0	6449	1	111	0	0	25119	1	111	0	0			111		0																																			
7	15	197	2	300	112	14851	1	112	0	0	5719	1	112	0	0	38676	1	112	0	0	28904	1	112	0	0			112		0																																			
7	15	198	2	300	113	38678	1	113	0	0	37325	1	113	0	0	6452	1	113	0	0	28905	1	113	0	0			113		0																																			
7	15	199	2	300	114	42490	1	114	0	2	18664	1	114	0	0	28599	1	114	0	0	38681	1	114	0	0			114		0																																			
7	15	200	3	300	115	6874	1	115	0	0	6473	1	115	0	0	14811	1	115	0	0	34735	1	115	0	0	6451	1	115	0	0	42451	1	115	0	4	28903	1	115	0	0	18241	1	115	0	0	6461	1	115	0	0	6464	1	115	0	0	6439	1	115	0	0	25118	1	115	0	0
7	15	201	3	300	115	6874	1	115	0	0	6473	1	115	0	0	14811	1	115	0	0	34735	1	115	0	0	6451	1	115	0	0	42451	1	115	0	4	28903	1	115	0	0	18241	1	115	0	0	6461	1	115	0	0	6464	1	115	0	0	6439	1	115	0	0	25118	1	115	0	0
7	15	202	3	300	115	6874	1	115	0	0	6473	1	115	0	0	14811	1	115	0	0	34735	1	115	0	0	6451	1	115	0	0	42451	1	115	0	4	28903	1	115	0	0	18241	1	115	0	0	6461	1	115	0	0	6464	1	115	0	0	6439	1	115	0	0	25118	1	115	0	0
9	19	205	1	300	108	6818	1	108	0	1	6824	1	108	0	2	14633	1	108	0	3	25184	1	108	0	4			108		0																																			
9	19	206	2	300	109	6822	1	109	0	0	43059	1	109	0	0	42099	1	109	0	0	38878	1	109	0	0			109		0																																			
9	19	207	2	300	110	6843	1	110	0	0	6814	1	110	0	0	42045	1	110	0	0	6337	1	110	0	0			110		0																																			
9	19	208	2	300	111	15211	1	111	0	0	37339	1	111	0	0	38656	1	111	0	0	6832	1	111	0	0			111		0																																			
9	19	209	2	300	112	15212	1	112	0	0	43206	1	112	0	0	6830	1	112	0	0	6845	1	112	0	0			112		0																																			
9	19	210	2	300	113	41993	1	113	0	0	40646	1	113	0	0	40331	1	113	0	0	37385	1	113	0	0			113		0																																			
9	19	211	2	300	114	25194	1	114	0	0	25197	1	114	0	0	14927	1	114	0	1	28989	1	114	0	0			114		0																																			
9	19	212	3	300	115	6811	1	115	0	0	21284	1	115	0	0	6833	1	115	0	0	6810	1	115	0	0	6813	1	115	0	0	6842	1	115	0	0	6834	1	115	0	0	32725	1	115	0	0	26701	1	115	0	0	32731	1	115	0	0	14626	1	115	0	0	26702	1	115	0	0
9	19	213	3	300	115	6811	1	115	0	0	21284	1	115	0	0	6833	1	115	0	0	6810	1	115	0	0	6813	1	115	0	0	6842	1	115	0	0	6834	1	115	0	0	32725	1	115	0	0	26701	1	115	0	0	32731	1	115	0	0	14626	1	115	0	0	26702	1	115	0	0
9	19	214	3	300	115	6811	1	115	0	0	21284	1	115	0	0	6833	1	115	0	0	6810	1	115	0	0	6813	1	115	0	0	6842	1	115	0	0	6834	1	115	0	0	32725	1	115	0	0	26701	1	115	0	0	32731	1	115	0	0	14626	1	115	0	0	26702	1	115	0	0
21	20	217	1	300	108	25203	1	108	0	1	14849	1	108	0	2	15072	1	108	0	0	25213	1	108	0	0			108		0																																			
21	20	218	2	300	109	26729	1	109	0	0	26897	1	109	0	0	25216	1	109	0	0	14841	1	109	0	0			109		0																																			
21	20	219	2	300	110	13126	1	110	0	0	13171	1	110	0	0	13420	1	110	0	0	13134	1	110	0	0			110		0																																			
21	20	220	2	300	111	13098	1	111	0	0	14840	1	111	0	0	18723	1	111	0	0	13071	1	111	0	0			111		0																																			
21	20	221	2	300	112	13421	1	112	0	0	13422	1	112	0	0	13418	1	112	0	0	13113	1	112	0	0			112		0																																			
21	20	222	2	300	113	13363	1	113	0	0	13364	1	113	0	0	39045	1	113	0	0	13138	1	113	0	0			113		0																																			
21	20	223	2	300	114	13132	1	114	0	0	13133	1	114	0	0	34912	1	114	0	0	13124	1	114	0	0			114		0																																			
21	20	224	3	300	115	34540	1	115	0	0	40721	1	115	0	0	13356	1	115	0	0	13366	1	115	0	0	13367	1	116	0	0	13321	1	115	0	0	13073	1	115	0	0	25356	1	115	0	0	13320	1	117	0	0	13089	1	115	0	0	34602	1	115	0	0	13368	1	115	0	0
21	20	225	3	300	115	34540	1	115	0	0	40721	1	115	0	0	13356	1	115	0	0	13366	1	115	0	0	13367	1	116	0	0	13321	1	115	0	0	13073	1	115	0	0	25356	1	115	0	0	13320	1	117	0	0	13089	1	115	0	0	34602	1	115	0	0	13368	1	115	0	0
21	20	226	3	300	115	34540	1	115	0	0	40721	1	115	0	0	13356	1	115	0	0	13366	1	115	0	0	13367	1	116	0	0	13321	1	115	0	0	13073	1	115	0	0	25356	1	115	0	0	13320	1	117	0	0	13089	1	115	0	0	34602	1	115	0	0	13368	1	115	0	0
21	21	229	1	300	108	13090	1	108	0	1	41740	1	108	0	2	18354	1	108	0	3	13414	1	108	0	4			108		0																																			
21	21	230	2	300	109	37559	1	114	0	2	34912	1	114	0	0	38969	1	114	0	0	13418	1	114	0	0			109		0																																			
21	21	231	2	300	110	36058	1	110	0	0	41982	1	110	0	0	13152	1	110	0	0	13153	1	110	0	0			110		0																																			
21	21	232	2	300	111	13278	1	111	0	0	14840	1	111	0	0	37240	1	111	0	0	14838	1	111	0	0			111		0																																			
21	21	233	2	300	112	36205	1	112	0	0	13086	1	112	0	0	13111	1	112	0	0	13304	1	112	0	0			112		0																																			
21	21	234	2	300	113	21281	1	113	0	0	13073	1	113	0	0	37558	1	113	0	2	20984	1	113	0	0			113		0																																			
21	21	235	2	300	114	30769	1	109	0	0	15196	1	109	0	0	25213	1	109	0	0	29066	1	109	0	0			114		0																																			
21	21	236	3	300	115	37239	1	115	0	0	32618	1	115	0	0	13172	1	115	0	0	25212	1	115	0	0	13317	1	116	0	0	21282	1	115	0	0	41834	1	115	0	0	13374	1	115	0	0	22897	1	117	0	0	39664	1	115	0	0	13395	1	115	0	0	34540	1	115	0	0
21	21	237	3	300	115	37239	1	115	0	0	32618	1	115	0	0	13172	1	115	0	0	25212	1	115	0	0	13317	1	116	0	0	21282	1	115	0	0	41834	1	115	0	0	13374	1	115	0	0	22897	1	117	0	0	39664	1	115	0	0	13395	1	115	0	0	34540	1	115	0	0
21	21	238	3	300	115	37239	1	115	0	0	32618	1	115	0	0	13172	1	115	0	0	25212	1	115	0	0	13317	1	116	0	0	21282	1	115	0	0	41834	1	115	0	0	13374	1	115	0	0	22897	1	117	0	0	39664	1	115	0	0	13395	1	115	0	0	34540	1	115	0	0
22	22	241	1	300	108	25220	1	108	0	1	14871	1	108	0	2	14870	1	108	0	3	41830	1	108	0	4			108		0																																			
22	22	242	2	300	109	14285	1	109	0	0	18704	1	109	0	0	40313	1	109	0	0	37287	1	109	0	0			109		0																																			
22	22	243	2	300	110	14466	1	110	0	0	40325	1	110	0	0	14874	1	110	0	0	41837	1	110	0	0			110		0																																			
22	22	244	2	300	111	32486	1	111	0	0	25224	1	111	0	0	14557	1	111	0	0	41838	1	111	0	4			111		0																																			
22	22	245	2	300	112	14163	1	112	0	0	30589	1	112	0	0	41796	1	112	0	3	31157	1	112	0	0			112		0																																			
22	22	246	2	300	113	14336	1	113	0	0	14441	1	113	0	0	41797	1	113	0	3	41856	1	113	0	0			113		0																																			
22	22	247	2	300	114	30797	1	114	0	1	29071	1	114	0	0	42529	1	114	0	0	34344	1	114	0	0			114		0																																			
22	22	248	3	300	115	40743	1	115	0	0	14321	1	115	0	0	14282	1	115	0	0	14313	1	115	0	0	18711	1	115	0	0	14152	1	115	0	0	14143	1	115	0	0	14146	1	115	0	0	32487	1	115	0	0	14873	1	115	0	0	29069	1	115	0	0	14093	1	115	0	0
22	22	249	3	300	115	40743	1	115	0	0	14321	1	115	0	0	14282	1	115	0	0	14313	1	115	0	0	18711	1	115	0	0	14152	1	115	0	0	14143	1	115	0	0	14146	1	115	0	0	32487	1	115	0	0	14873	1	115	0	0	29069	1	115	0	0	14093	1	115	0	0
22	22	250	3	300	115	40743	1	115	0	0	14321	1	115	0	0	14282	1	115	0	0	14313	1	115	0	0	18711	1	115	0	0	14152	1	115	0	0	14143	1	115	0	0	14146	1	115	0	0	32487	1	115	0	0	14873	1	115	0	0	29069	1	115	0	0	14093	1	115	0	0
22	23	253	1	300	108	14286	1	108	0	1	14470	1	108	0	2	38612	1	108	0	3	42157	1	108	0	4			108		0																																			
22	23	254	2	300	109	14361	1	109	0	0	14249	1	109	0	0	36012	1	109	0	0	42200	1	109	0	4			109		0																																			
22	23	255	2	300	110	34502	1	110	0	0	14405	1	110	0	0	14256	1	110	0	0	42905	1	110	0	4			110		0																																			
22	23	256	2	300	111	14353	1	111	0	0	24036	1	111	0	0	30531	1	111	0	0	42202	1	111	0	4			111		0																																			
22	23	257	2	300	112	26772	1	112	0	0	22029	1	112	0	0	18819	1	112	0	0	42182	1	112	0	4			112		0																																			
22	23	258	2	300	113	34352	1	113	0	0	22808	1	113	0	0	42904	1	113	0	0	32404	1	113	0	0			113		0																																			
22	23	259	2	300	114	40333	1	114	0	0	42210	1	114	0	0	28131	1	114	0	0	15068	1	114	0	0			114		0																																			
22	23	260	3	300	115	22797	1	115	0	0	23678	1	115	0	0	14874	1	115	0	0	29069	1	115	0	0	14313	1	115	0	0	14164	1	115	0	0	17521	1	115	0	0	14442	1	115	0	0	24020	1	115	0	0	14167	1	115	0	0	33117	1	115	0	0	14169	1	115	0	0
22	23	261	3	300	115	22797	1	115	0	0	23678	1	115	0	0	14874	1	115	0	0	29069	1	115	0	0	14313	1	115	0	0	14164	1	115	0	0	17521	1	115	0	0	14442	1	115	0	0	24020	1	115	0	0	14167	1	115	0	0	33117	1	115	0	0	14169	1	115	0	0
22	23	262	3	300	115	22797	1	115	0	0	23678	1	115	0	0	14874	1	115	0	0	29069	1	115	0	0	14313	1	115	0	0	14164	1	115	0	0	17521	1	115	0	0	14442	1	115	0	0	24020	1	115	0	0	14167	1	115	0	0	33117	1	115	0	0	14169	1	115	0	0
23	24	265	1	300	108	28680	1	108	0	1	21858	1	108	0	2	25639	1	108	0	3	25095	1	108	0	4			108		0																																			
23	24	266	2	300	109	16816	1	114	0	0	21753	1	114	0	0	16748	1	114	0	0	17047	1	114	0	0			109		0																																			
23	24	267	2	300	110	16724	1	110	0	0	16726	1	110	0	0	16977	1	110	0	0	42461	1	110	0	0			110		0																																			
23	24	268	2	300	111	16779	1	111	0	0	17042	1	111	0	0	18625	1	111	0	0	42563	1	111	0	0			111		0																																			
23	24	269	2	300	112	30920	1	112	0	0	25254	1	112	0	0	26904	1	112	0	0	21264	1	112	0	0			112		0																																			
23	24	270	2	300	113	16733	1	113	0	0	32857	1	113	0	0	38541	1	113	0	0	42564	1	113	0	0			113		0																																			
23	24	271	2	300	114	16847	1	109	0	0	16777	1	109	0	0	26735	1	109	0	0	42410	1	109	0	0			114		0																																			
23	24	272	3	300	115	16958	1	115	0	0	16739	1	115	0	0	37982	1	115	0	0	34677	1	115	0	0	16691	1	116	0	0	16911	1	115	0	0	16893	1	115	0	0	17054	1	115	0	0	17056	1	117	0	0	16957	1	115	0	0	16781	1	115	0	0	33123	1	115	0	0
23	24	273	3	300	115	16958	1	115	0	0	16739	1	115	0	0	37982	1	115	0	0	34677	1	115	0	0	16691	1	116	0	0	16911	1	115	0	0	16893	1	115	0	0	17054	1	115	0	0	17056	1	117	0	0	16957	1	115	0	0	16781	1	115	0	0	33123	1	115	0	0
23	24	274	3	300	115	16958	1	115	0	0	16739	1	115	0	0	37982	1	115	0	0	34677	1	115	0	0	16691	1	116	0	0	16911	1	115	0	0	16893	1	115	0	0	17054	1	115	0	0	17056	1	117	0	0	16957	1	115	0	0	16781	1	115	0	0	33123	1	115	0	0
24	25	277	1	300	108	32476	1	108	0	1	32594	1	108	0	2	20837	1	108	0	3	41832	1	108	0	4			108		0																																			
24	25	278	2	300	109	38668	1	109	0	0	20363	1	109	0	0	20350	1	109	0	0	20700	1	109	0	0			109		0																																			
24	25	279	2	300	110	38670	1	110	0	0	38868	1	110	0	0	20729	1	110	0	0	20694	1	110	0	0			110		0																																			
24	25	280	2	300	111	21293	1	111	0	0	20759	1	111	0	0	28985	1	111	0	0	38691	1	111	0	0			111		0																																			
24	25	281	2	300	112	32488	1	112	0	0	20753	1	112	0	0	20351	1	112	0	0	20718	1	112	0	0			112		0																																			
24	25	282	2	300	113	38667	1	113	0	0	20641	1	113	0	0	20065	1	113	0	0	25276	1	113	0	0			113		0																																			
24	25	283	2	300	114	20747	1	114	0	0	20741	1	114	0	0	20601	1	114	0	0	25283	1	114	0	0			114		0																																			
24	25	284	3	300	115	41729	1	115	0	0	20716	1	115	0	0	41731	1	115	0	4	25267	1	115	0	0	20348	1	115	0	0	20720	1	115	0	0	28987	1	115	0	0	32592	1	115	0	0	38669	1	115	0	0	26745	1	115	0	0	20722	1	115	0	0	20757	1	115	0	0
24	25	285	3	300	115	41729	1	115	0	0	20716	1	115	0	0	41731	1	115	0	4	25267	1	115	0	0	20348	1	115	0	0	20720	1	115	0	0	28987	1	115	0	0	32592	1	115	0	0	38669	1	115	0	0	26745	1	115	0	0	20722	1	115	0	0	20757	1	115	0	0
24	25	286	3	300	115	41729	1	115	0	0	20716	1	115	0	0	41731	1	115	0	4	25267	1	115	0	0	20348	1	115	0	0	20720	1	115	0	0	28987	1	115	0	0	32592	1	115	0	0	38669	1	115	0	0	26745	1	115	0	0	20722	1	115	0	0	20757	1	115	0	0
25	26	289	1	300	108	38773	1	108	0	0	23971	1	108	0	1	25304	1	108	0	0	29166	1	108	0	0			108		0																																			
25	26	290	2	300	109	22593	1	109	0	0	22598	1	109	0	0	22590	1	109	0	0	28705	1	109	0	0			109		0																																			
25	26	291	2	300	110	22571	1	110	0	0	22573	1	110	0	0	22973	1	110	0	0	42419	1	110	0	1			110		0																																			
25	26	292	2	300	111	26760	1	111	0	0	22568	1	111	0	0	40161	1	111	0	0	40173	1	111	0	0			111		0																																			
25	26	293	2	300	112	42416	1	112	0	0	23309	1	112	0	0	22592	1	112	0	0	22574	1	112	0	0			112		0																																			
25	26	294	2	300	113	22579	1	113	0	0	23480	1	113	0	0	22581	1	113	0	0	22582	1	113	0	0			113		0																																			
25	26	295	2	300	114	22603	1	114	0	0	29173	1	114	0	0	22602	1	114	0	1	42429	1	114	0	0			114		0																																			
25	26	296	3	300	115	22575	1	115	0	0	25310	1	115	0	0	22975	1	115	0	0	22564	1	115	0	0	22591	1	115	0	0	40164	1	115	0	0	22587	1	115	0	0	30849	1	115	0	0	22580	1	115	0	0	22595	1	115	0	0	22596	1	115	0	0	22586	1	115	0	0
25	26	297	3	300	115	22575	1	115	0	0	25310	1	115	0	0	22975	1	115	0	0	22564	1	115	0	0	22591	1	115	0	0	40164	1	115	0	0	22587	1	115	0	0	30849	1	115	0	0	22580	1	115	0	0	22595	1	115	0	0	22596	1	115	0	0	22586	1	115	0	0
25	26	298	3	300	115	22575	1	115	0	0	25310	1	115	0	0	22975	1	115	0	0	22564	1	115	0	0	22591	1	115	0	0	40164	1	115	0	0	22587	1	115	0	0	30849	1	115	0	0	22580	1	115	0	0	22595	1	115	0	0	22596	1	115	0	0	22586	1	115	0	0
211	27	301	1	300	108	25368	1	108	0	1	37456	1	108	0	2	25026	1	108	0	3	25148	1	108	0	4			108		0																																			
211	27	302	2	300	109	25173	1	109	0	0	25088	1	109	0	0	25382	1	109	0	3	24965	1	109	0	0			109		0																																			
211	27	303	2	300	110	25028	1	110	0	1	25367	1	110	0	2	25137	1	110	0	0	25072	1	110	0	0			110		0																																			
211	27	304	2	300	111	25034	1	111	0	0	24951	1	111	0	0	42489	1	111	0	0	42492	1	111	0	0			111		0																																			
211	27	305	2	300	112	25087	1	112	0	0	25011	1	112	0	1	32791	1	112	0	0	42504	1	112	0	0			112		0																																			
211	27	306	2	300	113	25022	1	113	0	0	42511	1	113	0	0	24994	1	113	0	0	25114	1	113	0	0			113		0																																			
211	27	307	2	300	114	42455	1	114	0	0	25383	1	114	0	3	25176	1	114	0	0	37505	1	114	0	0			114		0																																			
211	27	308	3	300	115	25074	1	115	0	0	25061	1	115	0	0	24986	1	115	0	0	25378	1	115	0	0	25085	1	115	0	0	25030	1	115	0	0	25379	1	115	0	0	24949	1	115	0	0	24983	1	115	0	0	32794	1	115	0	0	25066	1	115	0	0	42926	1	115	0	0
211	27	309	3	300	115	25074	1	115	0	0	25061	1	115	0	0	24986	1	115	0	0	25378	1	115	0	0	25085	1	115	0	0	25030	1	115	0	0	25379	1	115	0	0	24949	1	115	0	0	24983	1	115	0	0	32794	1	115	0	0	25066	1	115	0	0	42926	1	115	0	0
211	27	310	3	300	115	25074	1	115	0	0	25061	1	115	0	0	24986	1	115	0	0	25378	1	115	0	0	25085	1	115	0	0	25030	1	115	0	0	25379	1	115	0	0	24949	1	115	0	0	24983	1	115	0	0	32794	1	115	0	0	25066	1	115	0	0	42926	1	115	0	0
212	28	313	1	300	108	28710	1	108	0	1	28739	1	108	0	2	40154	1	108	0	3	28428	1	108	0	4			108		0																																			
212	28	314	2	300	109	28644	1	109	0	0	28646	1	109	0	0	28627	1	109	0	0	28758	1	109	0	0			109		0																																			
212	28	315	2	300	110	28605	1	110	0	0	28649	1	110	0	0	28637	1	110	0	0	42443	1	110	0	0			110		0																																			
212	28	316	2	300	111	28678	1	111	0	0	28421	1	111	0	0	28716	1	111	0	0	38657	1	111	0	0			111		0																																			
212	28	317	2	300	112	28700	1	112	0	0	40119	1	112	0	0	42919	1	112	0	3	34691	1	112	0	0			112		0																																			
212	28	318	2	300	113	28744	1	113	0	0	36059	1	113	0	0	42408	1	113	0	0	40121	1	113	0	0			113		0																																			
212	28	319	2	300	114	32897	1	114	0	0	36170	1	114	0	0	29471	1	114	0	0	28756	1	114	0	0			114		0																																			
212	28	320	3	300	115	28650	1	115	0	0	28624	1	115	0	0	28405	1	115	0	0	38648	1	115	0	0	28641	1	115	0	0	28713	1	115	0	0	42402	1	115	0	3	28608	1	115	0	0	28609	1	115	0	0	28349	1	115	0	0	40343	1	115	0	0	38660	1	115	0	0
212	28	321	3	300	115	28650	1	115	0	0	28624	1	115	0	0	28405	1	115	0	0	38648	1	115	0	0	28641	1	115	0	0	28713	1	115	0	0	42402	1	115	0	3	28608	1	115	0	0	28609	1	115	0	0	28349	1	115	0	0	40343	1	115	0	0	38660	1	115	0	0
212	28	322	3	300	115	28650	1	115	0	0	28624	1	115	0	0	28405	1	115	0	0	38648	1	115	0	0	28641	1	115	0	0	28713	1	115	0	0	42402	1	115	0	3	28608	1	115	0	0	28609	1	115	0	0	28349	1	115	0	0	40343	1	115	0	0	38660	1	115	0	0
212	29	325	1	300	108	28443	1	108	0	1	28458	1	108	0	2	28415	1	108	0	3	28461	1	108	0	4			108		0																																			
212	29	326	2	300	109	28344	1	109	0	0	28376	1	109	0	0	28375	1	109	0	0	30507	1	109	0	0			109		0																																			
212	29	327	2	300	110	40194	1	110	0	0	28406	1	110	0	0	29503	1	110	0	0	28405	1	110	0	0			110		0																																			
212	29	328	2	300	111	28419	1	111	0	0	32882	1	111	0	0	28485	1	111	0	0	28370	1	111	0	0			111		0																																			
212	29	329	2	300	112	38965	1	112	0	0	38633	1	112	0	0	28432	1	112	0	0	42500	1	112	0	0			112		0																																			
212	29	330	2	300	113	36067	1	113	0	0	30016	1	113	0	0	28436	1	113	0	0	30734	1	113	0	0			113		0																																			
212	29	331	2	300	114	28426	1	114	0	0	28583	1	114	0	0	38642	1	114	0	0	28533	1	114	0	0			114		0																																			
212	29	332	3	300	115	29498	1	115	0	0	28413	1	115	0	0	28420	1	115	0	0	28439	1	115	0	0	28365	1	115	0	0	34796	1	115	0	0	28731	1	115	0	0	39661	1	115	0	0	28367	1	115	0	0	40192	1	115	0	0	28343	1	115	0	0	37354	1	115	0	0
212	29	333	3	300	115	29498	1	115	0	0	28413	1	115	0	0	28420	1	115	0	0	28439	1	115	0	0	28365	1	115	0	0	34796	1	115	0	0	28731	1	115	0	0	39661	1	115	0	0	28367	1	115	0	0	40192	1	115	0	0	28343	1	115	0	0	37354	1	115	0	0
212	29	334	3	300	115	29498	1	115	0	0	28413	1	115	0	0	28420	1	115	0	0	28439	1	115	0	0	28365	1	115	0	0	34796	1	115	0	0	28731	1	115	0	0	39661	1	115	0	0	28367	1	115	0	0	40192	1	115	0	0	28343	1	115	0	0	37354	1	115	0	0
213	30	337	1	300	108	32458	1	108	0	1	32498	1	108	0	2	42035	1	108	0	3	32500	1	108	0	4			108		0																																			
213	30	338	2	300	109	32580	1	109	0	0	33027	1	109	0	0	32492	1	109	0	0	32588	1	109	0	0			109		0																																			
213	30	339	2	300	110	32502	1	110	0	0	32582	1	110	0	0	32512	1	110	0	0	32457	1	110	0	0			110		0																																			
213	30	340	2	300	111	34722	1	111	0	0	32497	1	111	0	0	42233	1	111	0	0	32587	1	111	0	0			111		0																																			
213	30	341	2	300	112	32508	1	112	0	0	32610	1	112	0	0	32608	1	112	0	0	32609	1	112	0	0			112		0																																			
213	30	342	2	300	113	32493	1	113	0	0	32509	1	113	0	0	32611	1	113	0	0	32613	1	113	0	0			113		0																																			
213	30	343	2	300	114	36035	1	114	0	0	32586	1	114	0	0	32665	1	114	0	0	32614	1	114	0	0			114		0																																			
213	30	344	3	300	115	32499	1	115	0	0	32452	1	115	0	0	32495	1	115	0	0	32459	1	115	0	0	32578	1	115	0	0	42060	1	115	0	0	32491	1	115	0	0	32579	1	115	0	0	32511	1	115	0	0	32577	1	115	0	0	32494	1	115	0	0	32465	1	115	0	0
213	30	345	3	300	115	32499	1	115	0	0	32452	1	115	0	0	32495	1	115	0	0	32459	1	115	0	0	32578	1	115	0	0	42060	1	115	0	0	32491	1	115	0	0	32579	1	115	0	0	32511	1	115	0	0	32577	1	115	0	0	32494	1	115	0	0	32465	1	115	0	0
213	30	346	3	300	115	32499	1	115	0	0	32452	1	115	0	0	32495	1	115	0	0	32459	1	115	0	0	32578	1	115	0	0	42060	1	115	0	0	32491	1	115	0	0	32579	1	115	0	0	32511	1	115	0	0	32577	1	115	0	0	32494	1	115	0	0	32465	1	115	0	0
214	32	349	1	300	108	35761	1	108	0	0	35762	1	108	0	0	40240	1	108	0	2	42468	1	108	0	1			108		0																																			
214	32	350	2	300	109	42486	1	109	0	0	35748	1	109	0	0	38866	1	109	0	0	35757	1	109	0	0			109		0																																			
214	32	351	2	300	110	35721	1	110	0	0	35724	1	110	0	0	35727	1	110	0	0	38664	1	110	0	0			110		0																																			
214	32	352	2	300	111	35719	1	111	0	0	35722	1	111	0	0	42467	1	111	0	2	35726	1	111	0	0			111		0																																			
214	32	353	2	300	112	35743	1	112	0	0	35736	1	112	0	0	35759	1	112	0	0	42470	1	112	0	1			112		0																																			
214	32	354	2	300	113	35733	1	113	0	0	36449	1	113	0	0	35730	1	113	0	0	35763	1	113	0	0			113		0																																			
214	32	355	2	300	114	35765	1	114	0	0	35751	1	114	0	0	42469	1	114	0	1	35760	1	114	0	0			114		0																																			
214	32	356	3	300	115	35729	1	115	0	0	40238	1	115	0	0	35731	1	115	0	0	35732	1	115	0	0	35728	1	115	0	0	35742	1	115	0	0	35756	1	115	0	0	35745	1	115	0	0	35737	1	115	0	0	40239	1	115	0	0	42471	1	115	0	1	35740	1	115	0	0
214	32	357	3	300	115	35729	1	115	0	0	40238	1	115	0	0	35731	1	115	0	0	35732	1	115	0	0	35728	1	115	0	0	35742	1	115	0	0	35756	1	115	0	0	35745	1	115	0	0	35737	1	115	0	0	40239	1	115	0	0	42471	1	115	0	1	35740	1	115	0	0
214	32	358	3	300	115	35729	1	115	0	0	40238	1	115	0	0	35731	1	115	0	0	35732	1	115	0	0	35728	1	115	0	0	35742	1	115	0	0	35756	1	115	0	0	35745	1	115	0	0	35737	1	115	0	0	40239	1	115	0	0	42471	1	115	0	1	35740	1	115	0	0
215	33	361	1	300	108	38479	1	108	0	1	38513	1	108	0	2	38503	1	108	0	3	38500	1	108	0	4			108		0																																			
215	33	362	2	300	109	38497	1	112	0	0	38466	1	112	0	0	38499	1	112	0	0	38481	1	112	0	0			109		0																																			
215	33	363	2	300	110	38493	1	113	0	0	38465	1	113	0	0	38549	1	113	0	0	38475	1	113	0	0			110		0																																			
215	33	364	2	300	111	38495	1	114	0	0	38467	1	114	0	0	40242	1	114	0	0	38490	1	114	0	0			111		0																																			
215	33	365	2	300	112	38473	1	109	0	0	38472	1	109	0	0	40244	1	109	0	0	38501	1	109	0	0			112		0																																			
215	33	366	2	300	113	38509	1	110	0	0	38504	1	110	0	0	38091	1	110	0	0	38507	1	110	0	0			113		0																																			
215	33	367	2	300	114	38515	1	111	0	0	38477	1	111	0	0	38981	1	111	0	0	38511	1	111	0	0			114		0																																			
215	33	368	3	300	115	38488	1	115	0	0	38484	1	115	0	0	40241	1	115	0	0	38476	1	115	0	0	38478	1	115	0	0	38471	1	115	0	0	38474	1	115	0	0	38469	1	115	0	0	38470	1	115	0	0	38480	1	115	0	0	38505	1	115	0	0	38482	1	115	0	0
215	33	369	3	300	115	38488	1	115	0	0	38484	1	115	0	0	40241	1	115	0	0	38476	1	115	0	0	38478	1	115	0	0	38471	1	115	0	0	38474	1	115	0	0	38469	1	115	0	0	38470	1	115	0	0	38480	1	115	0	0	38505	1	115	0	0	38482	1	115	0	0
215	33	370	3	300	115	38488	1	115	0	0	38484	1	115	0	0	40241	1	115	0	0	38476	1	115	0	0	38478	1	115	0	0	38471	1	115	0	0	38474	1	115	0	0	38469	1	115	0	0	38470	1	115	0	0	38480	1	115	0	0	38505	1	115	0	0	38482	1	115	0	0
0	34	373	1	300	108	42123	1	108	0	1	42113	1	108	0	2	42114	1	108	0	3	42115	1	108		4			108		0																																			
0	34	374	2	300	109	42116	1	109	0	0	42117	1	109	0	0	42118	1	109	0	0	42119	1	109		0			109		0																																			
0	34	375	2	300	110	42120	1	110	0	0	42266	1	110	0	0	42149	1	110	0	2	42122	1	110	0	0			110		0																																			
0	34	376	2	300	111	42132	1	111	0	0	42112	1	111	0	0	42124	1	111	0	0	42125	1	111	0	0			111		0																																			
0	34	377	2	300	112	42268	1	112	0	0	42127	1	112	0	3	42128	1	112	0	0	42131	1	112	0	0			112		0																																			
0	34	378	2	300	113	42415	1	113	0	0	42130	1	113	0	0	41446	1	113	0	0	42147	1	113	0	0			113		0																																			
0	34	379	2	300	114	42140	1	114	0	0	41452	1	114	0	0	42148	1	114	0	0	42137	1	114	0	0			114		0																																			
0	34	380	3	300	115	42136	1	115	0	0	42126	1	115	0	0	42129	1	115	0	0	42139	1	115	0	0	42135	1	115	0	0	42141	1	115	0	0	42142	1	115	0	0	42143	1	115	0	0	42144	1	115	0	0	42145	1	115	28420	0	42146	1	115	0	0	42332	1	115	0	0
0	34	381	3	300	115	42136	1	115	0	0	42126	1	115	0	0	42129	1	115	0	0	42139	1	115	0	0	42135	1	115	0	0	42141	1	115	0	0	42142	1	115	0	0	42143	1	115	0	0	42144	1	115	0	0	42145	1	115	28420	0	42146	1	115	0	0	42332	1	115	0	0
0	34	382	3	300	115	42136	1	115	0	0	42126	1	115	0	0	42129	1	115	0	0	42139	1	115	0	0	42135	1	115	0	0	42141	1	115	0	0	42142	1	115	0	0	42143	1	115	0	0	42144	1	115	0	0	42145	1	115	28420	0	42146	1	115	0	0	42332	1	115	0	0
